REFERENCE OUTPUT
-0.015625  1.673828
-0.015625  2.173828
-0.015625  2.173828
-0.015625  2.173828
-0.015625  2.173828
-0.015625  2.173828
-0.015625  2.173828
-0.015625  2.173828
3.369141  2.173828
3.863281  2.173828
1.447266  2.173828
1.279297  2.173828
0.457031  2.173828
-0.015625  1.441406
-0.015625  1.328125
2.509766  1.728516
3.908203  1.728516
4.333984  1.728516
5.537109  1.728516
3.791016  1.728516
-0.013672  1.728516
-0.015625  1.728516
-0.013672  1.728516
-0.011719  1.728516
0.542969  1.728516
5.162109  1.728516
0.953125  1.728516
-0.015625  1.179688
-0.015625  1.328125
-0.015625  1.960938
-0.015625  2.021484
4.800781  1.728516
4.509766  2.345703
-0.013672  2.937500
-0.015625  3.128906
-0.015625  2.917969
-0.015625  2.890625
2.916016  2.710938
5.644531  2.357422
0.009766  1.990234
-0.015625  1.734375
-0.015625  1.179688
-0.015625  1.328125
-0.015625  1.949219
4.667969  -0.128906
5.138672  -0.406250
-0.013672  -0.304688
-0.015625  -0.216797
-0.013672  -0.146484
2.660156  -0.154297
2.660156  -0.162109
2.660156  -0.177734
2.660156  0.164062
2.660156  2.455078
2.660156  1.855469
2.660156  1.179688
2.490234  1.328125
1.667969  2.017578
2.125000  2.035156
2.351562  2.632812
2.302734  1.402344
3.181641  -0.091797
2.728516  -0.189453
2.796875  -0.220703
3.382812  -0.132812
3.074219  -0.279297
1.984375  -0.080078
-0.035156  1.929688
2.980469  1.822266
2.789062  1.179688
2.671875  1.328125
2.916016  1.681641
3.376953  2.373047
2.957031  3.203125
0.947266  3.652344
2.783203  4.156250
2.707031  4.171875
2.660156  4.169922
2.660156  1.001953
2.658203  -0.101562
-0.013672  1.583984
2.750000  1.923828
2.880859  1.599609
2.660156  1.179688
2.660156  1.328125
2.660156  1.691406
1.458984  1.570312
2.148438  1.408203
2.826172  1.160156
2.693359  1.083984
2.660156  1.289062
2.660156  -0.011719
2.660156  -0.292969
1.265625  -0.021484
2.046875  2.660156
2.796875  1.431641
2.660156  1.638672
2.660156  1.179688
2.466797  1.328125
2.466797  1.728516
2.466797  1.728516
2.466797  1.728516
2.466797  1.728516
2.466797  1.792969
2.466797  2.207031
2.732422  -0.037109
4.785156  -0.054688
5.794922  2.500000
5.355469  2.136719
5.021484  1.369141
3.238281  1.718750
2.447266  1.179688
2.687500  1.328125
0.847656  1.728516
0.726562  1.728516
1.976562  1.728516
1.529297  1.730469
3.345703  2.201172
2.892578  0.205078
2.484375  -0.224609
2.597656  0.746094
2.759766  2.865234
3.210938  1.283203
1.337891  1.580078
3.867188  1.728516
2.708984  1.179688
2.466797  1.328125
2.466797  1.728516
2.976562  1.728516
3.642578  1.728516
2.814453  1.992188
3.882812  1.447266
2.466797  -0.199219
2.466797  -0.062500
2.609375  2.361328
3.654297  1.804688
-0.001953  1.392578
3.699219  1.724609
2.664062  1.728516
2.466797  1.179688
2.580078  1.328125
2.683594  1.728516
2.992188  1.728516
2.474609  1.781250
3.695312  2.029297
2.580078  -0.068359
2.580078  -0.169922
3.480469  1.837891
3.480469  2.810547
3.480469  1.298828
3.480469  1.634766
3.480469  1.728516
3.480469  1.728516
3.480469  1.179688
4.195312  1.328125
4.400391  1.728516
5.447266  1.728516
6.015625  1.882812
6.015625  0.457031
5.787109  -0.267578
3.820312  -0.029297
4.847656  2.818359
5.066406  1.531250
4.976562  1.464844
1.691406  1.728516
3.056641  1.728516
5.490234  1.728516
4.003906  1.179688
3.660156  1.328125
4.410156  1.728516
5.505859  1.728516
7.671875  1.900391
3.595703  -0.013672
5.152344  -0.257812
3.671875  -0.042969
3.480469  1.742188
3.480469  1.316406
5.392578  1.691406
6.433594  1.728516
4.763672  1.728516
5.128906  1.728516
3.480469  1.179688
3.480469  0.847656
3.648438  0.996094
6.494141  0.996094
3.037109  1.169922
5.378906  1.894531
3.646484  3.257812
3.480469  2.998047
3.480469  1.005859
4.294922  0.732422
5.896484  0.996094
3.628906  0.996094
4.761719  0.996094
3.480469  0.996094
3.480469  0.787109
-0.009766  0.609375
-0.011719  0.800781
-0.011719  0.800781
-0.011719  0.800781
-0.011719  0.800781
-0.011719  0.800781
-0.011719  0.800781
-0.011719  0.800781
-0.005859  0.800781
0.277344  0.800781
-0.011719  0.800781
-0.011719  0.800781
-0.009766  0.800781
-0.011719  0.617188
-0.013672  0.908203
2.085938  1.234375
2.988281  1.234375
2.205078  1.234375
2.224609  1.234375
4.021484  1.234375
-0.011719  1.234375
-0.011719  1.234375
-0.011719  1.234375
-0.011719  1.234375
-0.013672  1.234375
3.896484  1.234375
2.384766  1.234375
-0.011719  0.908203
-0.011719  0.908203
-0.011719  1.343750
-0.011719  1.052734
1.382812  0.214844
3.664062  0.636719
-0.009766  1.195312
-0.011719  1.353516
-0.011719  1.183594
-0.011719  1.138672
-0.013672  1.056641
4.205078  1.101562
1.376953  1.328125
-0.011719  1.244141
-0.011719  0.908203
-0.011719  0.908203
-0.011719  1.568359
2.064453  0.542969
4.044922  -0.212891
-0.009766  -0.025391
-0.011719  0.640625
-0.011719  1.115234
-0.007812  0.732422
-0.007812  0.599609
-0.007812  0.125000
-0.007812  0.873047
-0.007812  2.636719
-0.007812  1.531250
-0.001953  0.908203
-0.009766  0.908203
-0.019531  2.187500
-0.121094  1.970703
-0.058594  -0.175781
-0.054688  -0.070312
-0.046875  -0.119141
-0.005859  -0.039062
-0.009766  -0.029297
-0.062500  -0.037109
-0.064453  -0.238281
-0.064453  -0.128906
-0.107422  3.978516
-0.074219  1.960938
-0.005859  0.908203
-0.009766  0.908203
-0.011719  1.892578
-0.011719  2.359375
-0.042969  1.144531
-0.175781  1.480469
-0.003906  0.312500
-0.005859  0.251953
-0.009766  0.250000
-0.011719  -0.035156
-0.011719  -0.392578
-0.072266  -0.189453
-0.052734  3.697266
-0.007812  1.769531
-0.005859  0.908203
-0.009766  0.908203
-0.011719  1.281250
-0.035156  1.345703
-0.236328  1.363281
-0.001953  1.541016
-0.011719  1.445312
-0.005859  1.660156
-0.003906  1.960938
-0.003906  -0.085938
-0.082031  -0.332031
1.414062  0.751953
0.378906  2.943359
-0.003906  1.337891
-0.001953  0.908203
2.347656  0.908203
2.347656  1.234375
2.347656  1.234375
2.347656  1.234375
2.347656  1.234375
2.347656  1.271484
2.347656  1.699219
2.101562  1.716797
0.751953  -0.314453
1.964844  -0.177734
2.310547  2.556641
2.347656  1.896484
2.732422  1.236328
2.357422  0.908203
1.988281  0.908203
-0.021484  1.234375
-0.033203  1.234375
-0.042969  1.234375
-0.056641  1.236328
5.302734  1.441406
2.658203  1.757812
2.347656  -0.082031
2.347656  -0.269531
2.347656  1.113281
0.320312  2.720703
-0.023438  1.318359
4.708984  1.234375
2.486328  0.908203
2.347656  0.908203
2.347656  1.234375
2.345703  1.234375
-0.023438  1.234375
4.908203  1.353516
4.214844  1.761719
2.347656  0.220703
2.347656  -0.273438
2.347656  -0.111328
0.369141  2.845703
0.355469  1.789062
4.421875  1.234375
2.447266  1.234375
2.347656  0.908203
2.347656  0.908203
2.347656  1.234375
-0.048828  1.234375
4.250000  1.263672
3.519531  1.546875
2.347656  1.601562
2.347656  -0.248047
2.222656  -0.187500
2.222656  1.554688
2.222656  2.412109
2.222656  1.292969
2.222656  1.234375
2.222656  1.234375
2.222656  0.908203
2.044922  0.908203
3.279297  1.234375
2.839844  1.234375
3.849609  1.355469
4.169922  2.078125
3.863281  -0.078125
2.376953  -0.355469
2.302734  0.130859
3.214844  3.003906
0.521484  1.511719
-0.015625  1.234375
0.830078  1.234375
0.070312  1.234375
2.228516  0.908203
2.242188  0.908203
2.544922  1.234375
3.123047  1.234375
3.271484  1.603516
4.576172  2.605469
2.150391  -0.289062
2.441406  -0.359375
2.222656  2.292969
2.222656  2.791016
2.222656  1.244141
4.789062  1.234375
0.427734  1.234375
2.468750  1.234375
2.222656  0.908203
2.222656  0.826172
2.222656  1.156250
4.033203  1.156250
4.753906  1.832031
2.585938  2.820312
2.410156  -0.146484
2.222656  -0.199219
2.380859  1.572266
2.380859  1.679688
3.304688  1.156250
-0.015625  1.156250
2.431641  1.156250
2.380859  1.156250
2.380859  0.869141
2.210938  1.087891
2.210938  1.441406
2.210938  1.441406
2.210938  1.441406
2.210938  1.441406
2.210938  1.441406
2.210938  1.441406
2.468750  1.441406
2.904297  1.441406
2.767578  1.441406
3.027344  1.441406
3.027344  1.441406
2.162109  1.441406
2.042969  1.005859
2.484375  1.449219
3.785156  2.027344
4.341797  2.027344
5.367188  2.027344
2.289062  2.027344
2.820312  2.027344
2.119141  2.027344
2.011719  2.027344
2.011719  2.027344
2.070312  2.027344
3.494141  2.027344
1.876953  2.027344
3.324219  2.027344
2.062500  1.396484
2.011719  1.449219
2.011719  1.986328
3.455078  2.003906
1.941406  2.845703
3.046875  3.441406
2.230469  3.324219
2.011719  2.882812
2.011719  2.605469
2.138672  2.582031
3.111328  2.630859
2.423828  2.585938
3.716797  2.238281
2.083984  2.033203
2.011719  1.396484
2.011719  1.449219
2.460938  2.607422
3.269531  2.931641
4.082031  1.882812
2.138672  1.632812
2.011719  2.251953
2.011719  3.167969
2.259766  3.464844
2.259766  3.498047
2.259766  3.244141
2.259766  3.185547
2.259766  2.783203
2.259766  2.097656
2.259766  1.396484
2.488281  1.449219
3.181641  2.388672
1.150391  -0.140625
2.300781  -0.689453
2.363281  -0.964844
1.833984  -0.863281
2.218750  -0.671875
2.455078  -0.599609
1.679688  -0.607422
-0.031250  -0.554688
-0.056641  -0.328125
-0.066406  0.257812
-0.044922  1.988281
1.916016  1.396484
2.265625  1.449219
2.259766  2.181641
2.285156  -0.054688
3.158203  -0.427734
-0.041016  -0.818359
0.898438  -1.001953
2.250000  -1.132812
2.259766  -1.146484
2.259766  -1.048828
3.429688  -1.240234
3.210938  -1.068359
-0.050781  -0.388672
2.257812  1.617188
2.259766  1.396484
2.259766  1.449219
2.328125  2.060547
3.166016  1.916016
-0.062500  1.667969
1.666016  1.082031
2.259766  0.255859
2.259766  -0.082031
2.259766  -0.037109
2.437500  -0.427734
1.542969  -1.050781
-0.046875  -0.886719
2.216797  -0.279297
2.259766  1.652344
2.259766  1.396484
2.251953  1.449219
2.132812  2.027344
2.132812  2.027344
2.132812  2.027344
2.132812  2.027344
2.132812  2.011719
2.132812  2.398438
2.361328  1.197266
2.339844  -0.550781
6.390625  -1.039062
5.626953  -0.583984
4.818359  0.033203
5.734375  2.000000
2.113281  1.396484
2.328125  1.449219
1.689453  2.027344
0.425781  2.027344
3.033203  2.027344
3.044922  2.025391
7.013672  2.048828
2.115234  3.427734
2.251953  -0.126953
2.218750  -0.865234
2.337891  -0.777344
2.294922  -0.232422
6.025391  1.464844
4.380859  2.027344
2.146484  1.396484
2.251953  1.449219
2.132812  2.027344
2.164062  2.027344
2.746094  2.027344
5.814453  1.972656
2.136719  3.107422
2.132812  0.812500
2.251953  -0.587891
2.296875  -0.945312
1.988281  -0.478516
6.076172  0.478516
2.531250  2.021484
2.132812  2.027344
2.132812  1.396484
2.330078  1.449219
2.509766  2.027344
0.832031  2.027344
4.882812  2.013672
2.330078  2.443359
2.330078  2.318359
2.330078  -0.357422
2.498047  -1.054688
2.498047  -0.787109
2.498047  -0.195312
2.498047  1.666016
2.498047  2.027344
2.498047  2.027344
2.498047  1.396484
2.378906  1.449219
3.125000  2.027344
3.134766  2.027344
3.322266  2.128906
3.234375  3.046875
3.048828  -0.121094
2.503906  -0.835938
2.607422  -0.912109
3.734375  -0.398438
5.072266  0.748047
4.287109  2.027344
4.744141  2.027344
1.927734  2.027344
2.960938  1.396484
2.498047  1.449219
2.498047  2.027344
2.498047  2.027344
3.939453  2.431641
3.513672  1.175781
3.638672  -0.607422
2.699219  -1.226562
2.498047  -0.738281
2.498047  -0.062500
2.701172  1.904297
3.697266  2.027344
2.392578  2.027344
4.058594  2.027344
2.498047  1.396484
2.498047  1.070312
2.498047  1.525391
3.636719  1.525391
1.857422  1.681641
4.123047  -0.226562
2.642578  -0.974609
2.498047  -1.246094
2.498047  -0.628906
2.498047  0.089844
3.054688  1.525391
3.509766  1.525391
3.242188  1.525391
2.498047  1.525391
2.498047  1.089844
0.748047  -0.017578
0.748047  0.384766
0.748047  0.384766
0.748047  0.384766
0.748047  0.384766
0.748047  0.384766
0.748047  0.384766
0.839844  0.384766
0.990234  0.384766
0.062500  0.384766
0.687500  0.384766
0.708984  0.384766
0.777344  0.384766
0.751953  0.085938
0.996094  0.189453
6.519531  0.667969
6.152344  0.667969
3.486328  0.667969
4.146484  0.667969
1.509766  0.667969
0.720703  0.667969
0.748047  0.667969
0.748047  0.667969
0.748047  0.667969
0.949219  0.667969
4.363281  0.667969
0.660156  0.667969
0.757812  0.261719
0.748047  0.189453
0.748047  0.900391
0.757812  -0.009766
3.507812  -0.041016
2.802734  -0.013672
0.748047  0.175781
0.748047  0.371094
0.748047  0.375000
0.748047  0.382812
2.283203  0.214844
4.148438  0.523438
0.669922  0.679688
0.748047  0.662109
0.748047  0.261719
0.748047  0.189453
0.976562  0.789062
5.583984  -0.164062
2.970703  1.447266
0.734375  1.957031
0.748047  1.425781
0.748047  0.865234
2.349609  0.529297
2.349609  0.355469
2.349609  0.375000
2.349609  1.794922
2.349609  1.007812
2.349609  0.585938
2.349609  0.261719
2.763672  0.189453
3.791016  0.482422
4.386719  -0.171875
4.945312  0.947266
4.904297  1.607422
3.781250  2.261719
2.337891  2.455078
2.298828  2.492188
1.792969  1.689453
1.287109  0.789062
-0.001953  4.876953
0.253906  1.689453
2.437500  0.484375
2.054688  0.261719
2.419922  0.189453
2.779297  0.666016
3.208984  -0.044922
3.664062  -0.150391
1.507812  -0.130859
3.949219  -0.134766
2.347656  -0.066406
2.349609  -0.074219
2.349609  -0.306641
3.220703  -0.070312
3.207031  5.425781
3.894531  1.613281
2.349609  0.564453
2.349609  0.261719
2.349609  0.189453
2.539062  0.691406
3.263672  0.617188
3.605469  0.205078
3.585938  0.232422
2.349609  -0.031250
2.349609  -0.019531
2.349609  -0.263672
2.513672  -0.310547
-0.005859  1.798828
3.947266  2.927734
2.335938  1.113281
2.349609  0.730469
2.349609  0.261719
3.316406  0.189453
3.316406  0.667969
3.316406  0.667969
3.316406  0.667969
3.316406  0.667969
3.316406  0.736328
3.316406  0.478516
3.376953  -0.298828
3.060547  -0.072266
4.007812  3.263672
3.968750  0.968750
3.662109  0.820312
4.029297  0.675781
3.507812  0.261719
3.304688  0.189453
2.140625  0.667969
-0.001953  0.667969
-0.033203  0.667969
-0.068359  0.669922
1.238281  0.845703
3.232422  -0.193359
3.355469  -0.181641
3.482422  2.203125
3.667969  2.044922
3.708984  0.642578
-0.046875  0.832031
3.207031  0.667969
3.412109  0.261719
3.316406  0.189453
3.316406  0.667969
3.431641  0.667969
1.435547  0.667969
0.451172  0.925781
3.478516  -0.066406
3.316406  -0.226562
3.316406  0.669922
3.390625  3.253906
3.343750  0.771484
-0.033203  0.841797
3.505859  0.667969
3.431641  0.667969
3.316406  0.261719
3.316406  0.189453
3.316406  0.667969
-0.003906  0.667969
0.087891  0.724609
3.365234  0.505859
3.316406  -0.287109
3.316406  -0.093750
1.353516  3.320312
1.353516  1.548828
1.353516  0.910156
1.353516  0.759766
1.353516  0.667969
1.353516  0.667969
1.433594  0.261719
1.693359  0.189453
1.710938  0.667969
-0.007812  0.667969
0.701172  0.806641
0.763672  -0.125000
0.857422  -0.205078
1.433594  1.179688
1.835938  2.972656
2.896484  0.328125
-0.005859  0.921875
-0.021484  0.667969
-0.029297  0.667969
-0.052734  0.667969
1.433594  0.261719
1.388672  0.189453
1.531250  0.667969
1.654297  0.667969
2.396484  0.664062
-0.007812  -0.242188
-0.003906  -0.097656
1.433594  3.699219
1.353516  2.730469
1.353516  0.673828
2.263672  0.705078
2.230469  0.667969
-0.062500  0.667969
1.349609  0.667969
1.433594  0.261719
1.353516  0.101562
1.501953  0.304688
2.507812  0.304688
-0.019531  0.205078
0.505859  -0.167969
1.353516  -0.146484
1.433594  1.291016
1.353516  1.113281
1.660156  0.351562
3.050781  0.304688
-0.054688  0.304688
1.279297  0.304688
1.353516  0.304688
1.433594  0.000000
Errors = 784
Average error margin = 1.66636
