-0.18389423
-0.18463066
-0.5257651
0.015422056
-0.09071986
-0.60313356
-0.4374044
-0.27904013
-0.15113203
0.37570354
0.25186408
-0.10212827
0.70309395
0.9568607
-0.0034600897
0.51508325
0.26589766
0.11748464
-0.27866
-0.25111458
0.037901856
0.2626824
0.38732973
0.75928843
0.21384527
0.6938468
0.9172195
0.64173603
0.16959792
0.08064067
-0.20788564
-0.78328854
-0.4081701
0.1912331
-0.012041203
0.048849013
-0.2505239
-0.19541083
-0.23421954
-0.1930015
-0.28744742
-0.23035742
-0.29040748
-0.45152995
-0.00016336374
0.20004247
0.5862431
0.34599888
0.26255178
0.49376324
0.60613906
-0.2072593
0.49808404
-0.063060716
0.34290594
0.16094561
0.13594691
0.5418648
0.5677529
0.19833711
0.39677992
0.2049611
-0.25386018
0.07493492
-0.03011582
0.16628422
-0.598752
-0.4842707
0.28186223
-0.68046606
-0.31543794
0.29326448
-0.68059164
0.040445272
-0.066882305
-0.5722808
0.118537374
0.14699855
-0.31128886
0.06526349
0.031721387
0.3902688
0.062424332
0.072197035
0.50217986
0.41540942
0.54749453
0.3114378
0.24091877
0.1291837
0.35829535
0.23524693
0.18685362
0.44387016
0.601865
0.2320543
0.50800854
0.3719284
-0.050883062
-0.34829852
0.17102508
0.29387933
-1.0573902
-0.092234544
0.06694637
-0.81101966
-0.061683558
0.218559
0.18004751
0.2773576
-0.057827704
0.3695153
0.32341525
0.24362814
0.10390241
0.12323598
0.14465216
-0.892308
-0.7587345
0.3358184
-0.4960703
-0.9371436
-0.6611641
-0.58050543
-0.46464267
-0.8641255
-0.4154766
-0.2054321
0.021422984
-0.21102376
-0.47089472
-0.24265903
-0.35317805
-0.3534022
-0.07085918
0.24189101
0.23970923
-0.042368688
0.26153582
0.29712218
0.33379334
0.09808994
0.32159066
0.072732754
0.2252371
0.30046874
0.10763629
0.28823557
0.3492318
0.31502238
0.11789044
0.10641663
0.15887338
-0.63372606
-0.3432578
0.26397756
-0.4986675
-0.53369206
-0.36697564
-0.6527859
-0.39285788
-0.58907825
0.11230287
0.301272
0.109307855
0.36912552
0.39222965
0.4590516
0.07421707
0.17294379
0.35971242
0.29274812
0.3133311
0.90572107
-0.568662
-1.7892227
-0.6619643
-0.6517073
-0.41724506
-0.7081662
-0.22676827
-0.40720987
0.043403078
-0.5340598
-0.59741336
-0.19967832
-0.22230724
-0.23432633
-0.31161413
0.29414642
0.62262064
-0.113813
0.39030492
0.36245137
0.3183795
0.057114694
0.32413235
0.2803011
0.10058515
0.3182931
0.0056154667
0.41582245
0.402787
0.3907171
0.10059107
0.25339773
0.26732194
0.08785407
0.6264753
0.6961041
-0.67233264
-1.6046053
-0.22591983
-0.76151377
-0.5280758
-0.75816447
0.20370047
0.028137885
0.9213446
0.65771896
0.46543142
0.04705804
0.18911982
0.8152255
0.005671965
0.07842532
0.36772114
-0.134986
-0.017312244
-0.013352677
0.37864095
-0.18178177
-0.32563743
0.15245035
0.262217
0.24876784
-0.06449382
-0.33244404
0.02642879
0.04211488
-0.11986123
0.09497161
-0.027445504
-0.073028065
-0.42769656
0.84759307
1.1477696
0.26707894
0.13617548
-0.13997145
-0.21438038
0.014430175
0.17331873
-0.30511653
0.94864774
0.7506419
0.66207373
0.21762094
0.22063448
0.6141313
-0.0076531237
0.29056096
0.13085704
-0.5252173
0.15188418
0.09007594
0.45492616
-0.65323377
-0.081798784
0.16954765
0.21371502
-0.18313062
-0.0078020664
0.47664756
-0.31337982
0.11835807
-0.16027161
0.35887298
0.24436568
0.23521052
0.3718895
0.18205583
0.3460376
-0.9705532
0.053103518
0.20481777
0.09826924
0.20502865
-0.022099776
-0.3362859
-0.13316305
-0.81566864
-0.14500527
0.18631285
0.32702225
0.25575516
-0.119992904
-0.0074071405
0.4046956
-0.1968766
0.47751817
-0.3154853
-0.45618907
0.40023866
0.11627929
-0.08718098
0.26764643
0.06361189
-0.1400428
0.2757223
-0.152509
0.018457174
-0.32529756
0.34392577
0.2109845
0.2167918
0.15601389
0.18094087
-0.24793996
-0.853075
0.262963
-0.05455847
0.06587959
0.3008447
0.22163984
-0.112562634
0.43204936
-0.27710176
-0.564244
0.16867095
0.14191979
0.08890228
0.19903961
-0.09227515
0.22430734
-0.14876041
-0.031499844
0.24256037
0.4137146
-0.20309344
0.13984908
-0.118128665
0.1991621
0.34174532
0.20915616
0.34017485
0.35896257
-0.05123391
-0.0052591376
-0.07680352
0.03702233
0.20069754
-0.2530726
0.104372494
-0.3953445
-1.0172652
-0.037284963
-0.50296116
-0.21045578
-0.024748363
0.4175341
-0.1502213
0.04408312
0.12332339
-0.80731434
-0.13339253
0.009224206
-0.37895298
-0.20975354
0.06799587
0.25235528
-0.31574035
0.34159464
0.43207705
0.06011155
-0.09359634
0.1809761
-0.110887244
0.11935798
0.27811852
0.17435217
0.31906536
0.22602133
0.27220073
0.14410768
0.20673777
0.2485215
0.08717916
-0.95656693
-1.053044
0.07134337
-0.9620672
-0.50019705
0.17459215
-0.38235652
-0.51883775
-0.2469967
-0.4698059
-0.33179197
-0.39320502
-0.18265216
-0.16610418
-0.1698482
-0.003306366
-0.0093017025
0.18820119
0.33264104
0.109478414
0.3311716
0.26084134
0.19955696
0.14696725
0.18602788
0.2599993
0.25268802
0.21818537
0.17084117
0.27242678
0.33256146
0.20245263
0.115377404
0.25433114
0.2498647
-0.056704532
-0.7133631
-0.80824494
-0.43359026
-0.57195187
-0.54828554
-0.45720682
-0.5435546
-0.31781134
0.13939463
0.29034474
0.23224838
0.30323505
0.33543107
0.38245982
0.22002098
0.22404188
0.16000013
-1.0271
-0.6091684
-1.2199521
-0.6460543
-0.86729485
-0.658407
-0.8485042
-0.4051431
-0.7418571
-0.32129687
-0.3838306
-0.39806664
-0.27289975
-0.20403975
-0.27834284
-0.21053861
-0.07447133
-0.1368605
0.40685
0.2674915
0.12497689
0.29162908
0.2779417
0.2827372
0.09135911
0.28729326
0.1136805
0.22591086
0.17679736
0.19399904
0.31574988
0.3460401
0.2243284
0.24710214
0.22362477
0.24659796
-0.75146323
-0.433577
-0.79340047
-0.7666608
-0.69920963
-0.71494067
-0.65881664
-0.65132344
-0.69669414
0.32491767
0.2572131
0.04851506
0.448583
0.799121
0.21607399
0.36295485
0.009484023
0.50068563
-0.09485469
0.24563132
-0.014297488
0.18551853
-0.38789943
-1.2738601
0.11627182
0.30933508
0.29380137
-0.121607594
-0.27324897
-0.024608588
0.18307883
-1.1990997
0.10073525
0.11379554
0.39938062
0.4163537
-0.33202088
0.765418
0.4069113
-0.36226436
0.43587533
0.30045515
-0.6500564
0.38896227
-0.02293299
0.46477476
0.28290918
0.21754484
0.542357
0.744329
-0.0076287175
0.17416295
0.12807925
0.39002132
0.23816368
0.27486143
0.17982285
0.37886882
-0.7087153
-0.6918538
0.18614419
0.32627988
0.24608988
0.6752456
-0.4366895
0.04771948
-0.39901015
0.6878167
0.094533816
0.09920973
0.20235556
0.6657435
-0.21066631
0.2250313
-0.11357363
-0.026327947
0.40390825
-0.5101204
-0.097907856
-0.4047426
-0.37786657
0.20528367
0.19259809
0.29801482
0.12942126
-0.5032761
-0.32820195
0.2456452
-0.039404318
0.56407243
0.81760275
-0.2428463
-0.30520132
-0.5907704
1.1244315
0.12324583
-0.36380392
0.27025416
0.5979105
0.9638851
-0.60377
0.21469925
0.092596024
0.44858146
0.30784994
0.055790585
0.25107726
0.61124474
0.045723245
0.10345825
-0.11915018
0.26715544
0.23902869
-0.20370628
0.13186754
-0.70589995
-0.27066448
0.026142972
0.28777334
0.2220959
0.32138494
0.41146067
0.33236828
0.11174408
0.5067376
0.3332801
0.35877275
-0.030543733
-0.95779306
0.41458073
-0.24930014
-1.1013552
0.5419028
-0.14145608
-0.8018394
-0.12258479
-0.40272233
-0.38007703
0.07016843
-0.41481707
-0.15293299
0.008927184
-0.13770385
-0.29065135
-0.11560277
0.3048516
0.25890708
0.31601015
0.34486464
0.38212582
0.11179916
0.40307
0.44652763
0.010263299
0.29841748
0.21766655
0.3494209
0.39138508
0.36989254
0.011838598
0.38837606
0.21388209
0.04664654
-0.3732474
-0.40336302
0.32022473
-0.5836239
-0.59575164
0.121086404
-0.5210962
-0.73182726
0.42220318
0.38402197
0.3901158
0.5145304
0.49401653
0.42541334
0.3222675
0.47927547
0.2328003
0.16341217
-0.01019146
0.390189
0.26037142
-0.6504886
-0.16670407
0.31308883
-0.73647535
-0.08055364
0.25726455
0.2018259
0.57058644
-0.165409
-1.1468279
0.30274114
0.11903612
0.007744686
0.5781526
-0.2535024
0.084601946
-0.058964778
0.6381592
0.77167857
0.45318636
0.44465765
0.29966864
0.19078393
0.29471913
0.26611176
0.2924708
0.4594642
0.5526065
0.29558516
0.22180888
0.39768997
0.46075296
0.057420634
-0.05439441
0.23393579
0.028623126
-0.66673505
0.19255885
-0.06350821
-1.2609385
0.15663494
-0.21511063
-0.19408831
-0.30220586
-0.20963264
-0.22079487
-0.118774794
-0.09120143
-0.15542662
-0.27673513
-0.26054695
-0.05640167
-0.26169345
-0.2643772
-1.0414793
-0.51141334
-1.5184044
-1.0153345
0.2919703
-0.051348224
-0.28726944
-0.28807187
-0.7997033
-1.2678007
-0.1445139
-0.75360477
0.12587802
0.055408332
-0.30237097
-0.31071588
-0.45642978
0.11752195
-0.046118993
-0.08749542
-0.011772445
-0.29392597
-0.5178559
-0.018216748
-0.075287394
-0.030206809
-0.09024955
-0.16545072
-0.058553603
-0.03394469
-0.29111123
-0.29091755
-0.38495198
-0.30071297
-0.45201948
-0.5051272
-0.9380634
-0.18170466
-1.9305519
-0.81425554
0.1528495
0.07717735
0.089948684
0.26551455
0.16590221
0.40159932
0.27991998
0.27307048
0.3131947
0.26461837
0.38777143
-0.53791666
-0.6053702
-0.8870374
-0.9394726
-0.41642445
-0.77688116
-0.54453945
0.1871382
-0.33567178
-0.51485956
-0.18671273
-0.319049
-0.23603298
-0.07963041
-0.22838582
-0.089676306
0.19885254
0.30046636
0.34249365
0.23085672
0.34572023
0.11105263
0.22630386
0.24199386
0.3514806
0.10184782
0.18704668
0.33032173
0.29095474
0.4490382
0.17950682
0.41671246
0.17077261
0.28286076
0.179992
-0.041921046
-0.31890762
-0.25081018
-0.88819236
-0.63657045
-0.4790895
-0.97533256
-0.5970321
-0.033434603
0.6518996
0.29661566
0.14699402
0.40220982
0.6425182
0.21039066
0.24917185
0.10039558
0.21113
-0.1178585
-0.86186904
0.58326364
-0.22142866
-0.44558892
-0.03260997
0.48470885
0.27414358
-0.06866351
-1.1099949
-0.37897146
0.2517495
-0.43261367
-0.07116232
0.31265125
0.2725819
0.2718818
-0.14537589
0.91248244
0.72340816
0.20323275
0.6030364
0.70636815
0.061052844
0.23497431
0.24019678
0.56757104
0.41895756
0.12597816
0.024811056
0.20527852
0.57454354
0.33425042
-0.048259012
0.22201408
0.07736564
-0.10377378
-0.14428078
0.4626174
-0.7943251
-0.24969548
0.15121214
0.2718077
0.27777338
-0.16894776
0.23614188
-0.06899368
-0.0638359
0.20913045
0.4155189
0.48660418
-0.020867119
0.14325832
0.054447435
0.09288772
-0.5433401
-0.19241932
0.22885011
-0.26760998
0.08091797
0.058699578
0.05113848
0.09205846
-0.21395364
-1.1251451
-0.16554917
0.27710333
0.10544852
0.23170255
-0.082259685
-0.05176992
-0.1185579
0.25587586
0.72237206
0.23048523
0.49699786
0.7690169
0.8314735
-0.20673105
0.051713068
0.24847311
0.10508253
0.04552439
-0.14297287
0.15560016
0.35061294
0.39458194
-0.10273956
-0.05288526
-0.1129702
0.19177595
-0.32288453
0.0953341
-0.04510101
-0.41979125
0.3306348
0.29228425
0.11915301
0.08750259
0.14130294
0.30067125
0.29730183
0.1845543
-0.6107196
0.23882128
0.17814706
0.26356944
0.54293936
0.33271652
0.9864184
0.08517593
0.11029678
0.17332368
-0.901556
0.18153472
-0.20924498
-0.20480165
-0.36124125
-0.19325784
0.093465336
-0.060063854
0.41450423
0.06460937
0.3270396
-0.17308787
0.14251085
0.07412587
-0.5231963
0.20621218
-0.42199352
-0.2553712
0.54206365
0.42606354
0.31114477
0.51089716
-0.7198104
-0.4233372
-0.59210694
-0.3380496
-0.64254653
-0.641674
-0.29778716
-0.6429834
-0.09533501
-0.15240093
-0.26380533
-0.20127657
-0.047180824
-0.1692807
0.05006533
-0.40292436
-0.32787377
0.08989145
-0.46354696
-0.37770155
0.70673805
0.42076966
0.49393296
0.6107109
0.38373232
0.073941335
-0.1298511
-0.1551921
-0.31425726
-0.36558285
-0.5450175
-0.45160487
0.006170749
-0.30488044
-0.8628443
-0.38216108
-0.079005405
0.527698
-0.0511519
0.3277909
0.08629938
0.10890326
0.1279048
0.43920448
-0.21155807
0.23273306
1.1987011
0.28242686
0.07901499
0.35423517
-0.058157485
0.29944438
0.08352923
0.41611537
-0.523335
0.43453512
0.064367354
-0.12987925
-0.20192128
-0.10103724
-0.64077455
-0.31304845
0.4354918
0.0037008643
-1.7528702
0.12765273
-0.4097111
0.398428
0.35221466
0.5650853
-0.22456743
-0.2974973
-0.05825419
-0.3072583
-0.49513602
-0.54670715
-0.77502346
0.020548848
-0.2867433
-0.9340595
-0.2514978
-0.9705262
-0.6971725
-0.9950073
-0.0390241
0.10776838
-0.012197803
-0.24546087
0.18116781
0.4122754
0.59656507
0.2302721
-0.46006536
-0.3199254
-0.30344164
-0.21759771
0.28021678
0.23002492
0.013457767
0.056479067
0.50571406
0.10294329
-0.64272755
0.0039211614
0.20941032
-0.16480662
-0.20706065
-0.31730652
0.21342236
0.30585146
0.2648167
0.06715951
-0.7678863
-0.6948722
-0.5327994
-0.052268147
0.253408
0.57186955
0.29696438
0.40740055
-0.0364168
-0.73729414
-0.24265403
-0.43603235
-0.50922567
-0.39598277
-0.51499456
-0.543534
-0.6342522
-0.35296112
-1.1861756
-0.2540756
0.17949094
0.2116259
0.04839669
0.13363917
-0.4733201
-0.87510985
-0.81204575
-0.002521615
0.6271893
0.37221462
0.3291815
0.4548951
-0.48280272
-0.59789735
-0.3306192
-0.4767549
-0.45691475
-0.3513369
-0.6668223
-0.63591176
-0.20073913
-0.41747865
-0.5576817
-0.5220881
0.08340868
-0.18544783
0.12227042
0.63777864
-0.044373374
-0.6452093
0.0976538
-0.043586344
0.13564868
0.37828454
-0.2634994
-0.08218423
0.534626
0.36795777
-0.17870001
-0.02553755
-0.08715115
-1.5826364
0.24995016
-0.03521905
0.17570347
-2.7675092
-3.5096414
-2.9336517
-0.0011454979
-0.014970693
-0.15064058
-0.07179703
0.22242254
0.041531622
0.009341656
-0.8941779
-0.63977593
-0.2224845
-0.19411542
0.39505306
-0.005648276
0.2729528
0.17678712
0.74483556
-0.08827144
0.030377347
-1.3243968
-0.14073506
0.19607052
-0.50871587
-0.542629
-0.37107763
0.17575407
0.23153082
0.08515672
0.3474913
-0.48007116
-0.3186831
-0.058978524
-0.54975545
0.14718924
0.46857053
-0.039603967
0.3713925
0.4022463
0.3375733
0.20988977
0.27608925
-0.08673426
-0.6758932
-0.3271222
-0.7691073
0.062204953
-1.282132
-2.6503239
-1.0971868
0.08540003
0.067955025
-0.18301964
0.090220876
-0.24341114
0.4427659
-0.5336701
0.21459733
0.10982694
0.41829693
0.2194483
0.94205
0.26455042
0.046347085
0.47314394
-0.27172482
0.23772775
-0.41038176
-1.0806192
-0.60823625
0.025524823
-0.61495644
-3.256827
-0.72224385
0.32037508
0.31039634
-0.13254786
0.28779873
-0.69160914
-0.4680426
-1.4652452
-0.10142209
-0.030455098
0.0087222
0.11427507
0.16850573
0.1504486
-0.6455939
0.013969392
-0.6803777
0.052066077
-0.22910449
-0.25117868
-0.6548324
0.2239291
0.5369635
0.48058233
0.73588145
-0.046902206
0.16287938
0.09487815
0.14060292
-0.78871626
-0.3400525
-0.60745156
0.36860618
0.31554642
0.5669446
0.6025885
0.30237606
0.10596797
0.13053142
-0.5183853
-0.30725828
-0.43942162
-0.6087338
-0.3191555
-0.71463674
0.10592024
-0.3266508
-0.32134777
-0.18728189
0.48860186
0.37184596
0.43814865
0.069947176
-0.027914694
0.678596
0.36718372
0.046762314
0.7431691
0.57238805
0.053318433
0.07917984
-0.27045906
0.26830885
0.18519907
0.16209297
-0.19348475
-0.4224017
-0.120594114
0.01925199
0.023217965
0.44102588
0.09058763
-0.8311576
0.47605464
0.8590015
-0.0891862
-0.012347413
-0.4173564
0.06785527
0.13570312
0.42768633
0.20216359
0.50903356
-0.14074296
0.055978045
-0.2733265
-0.54884166
-0.118984036
0.08570103
-0.004585483
-0.5323079
-0.22227426
-0.08634061
-0.4338
-0.92439824
-1.6228504
-1.6075435
-0.8292838
-0.8666425
0.0147968605
-0.034346703
0.57333475
0.89063317
0.59135526
0.7549291
-0.35129365
-0.13845883
-0.7660369
-0.3624896
0.9442177
0.26724023
0.52448046
-0.21036671
0.27007756
0.14485702
0.536982
1.0262241
-1.1859488
1.4061117
-0.8735247
1.2779632
